$ 1 0.000005 10.20027730826997 50 5 43 5e-11
154 -176 -272 16 -272 0 2 0 5
L -176 -256 -224 -256 0 1 false 5 0
M 16 -272 80 -272 0 2.5
R -176 -288 -176 -336 0 0 40 5 0 0 0.5
x -206 -387 -42 -384 4 24 NOT\sfrom\sXOR
x -100 -263 -67 -260 4 24 xor
g 256 -224 256 -192 0 0
L 320 -304 320 -352 0 0 false 5 0
M 480 -288 544 -288 0 2.5
a 320 -288 432 -288 8 15 -15 1000000 0 1.090909090909091 100000
R 256 -336 256 -384 0 0 40 12 0 0 0.5
r 256 -272 256 -336 0 10000
w 320 -272 256 -272 0
r 256 -272 256 -224 0 1000
368 256 -272 208 -272 0 0
d 480 -224 480 -288 2 default
r 432 -288 480 -288 0 10000
g 480 -224 480 -192 0 0
x 324 -386 557 -383 4 24 NOT\sfrom\scomparator
